datetime,bench_set,function_name,test_name,mean,variance,stdev,coef_of_variance
2020-06-28 16:38:17,netBench,AddRandomLayer,10x1000x5x3,0.0046425,4.38959e-05,0.0066254,142.712
2020-06-28 16:38:17,netBench,net::BuildRandomNetwork,2x100x100x100x3,0.00260619,4.51429e-08,0.000212469,8.15247
2020-06-28 16:38:17,netBench,net::BuildRandomNetwork,10x1000x5x3,0.00218776,1.89106e-08,0.000137516,6.2857
2020-06-28 16:38:17,netBench,MutateBiasesAndWeights,2x100x100x100x3,0.0019361,3.11991e-08,0.000176633,9.12312
2020-06-28 16:38:17,netBench,MutateBiasesAndWeights,10x1000x5x3,0.00150221,6.34339e-09,7.96454e-05,5.30187
2020-06-28 16:38:17,netBench,net::BuildOnesNetwork,10x1000x5x3,0.000528225,6.29748e-08,0.000250948,47.5078
2020-06-28 16:38:17,netBench,net::BuildOnesNetwork,2x100x100x100x3,0.000372414,2.53639e-08,0.00015926,42.7644
2020-06-28 16:38:17,netBench,AddRandomNeuron,10x1000x5x3,0.000330806,2.12769e-08,0.000145866,44.0942
2020-06-28 16:38:17,netBench,AddRandomLayer,2x100x100x100x3,0.000249274,2.60767e-08,0.000161483,64.7812
2020-06-28 16:38:17,netBench,ComputeNeuralNetwork,2x100x100x100x3,0.000200377,1.95053e-09,4.41648e-05,22.0409
2020-06-28 16:38:17,netBench,ComputeNeuralNetwork,10x1000x5x3,0.00018665,1.4605e-09,3.82164e-05,20.475
2020-06-28 16:38:17,netBench,AddRandomNeuron,2x100x100x100x3,0.000117483,4.22416e-09,6.49935e-05,55.3217
2020-06-28 16:38:17,netBench,net::BuildRandomNetwork,2x5x5x5x3,2.47285e-05,1.24412e-10,1.1154e-05,45.1059
2020-06-28 16:38:17,netBench,net::BuildOnesNetwork,2x5x5x5x3,1.45884e-05,7.06193e-12,2.65743e-06,18.2161
2020-06-28 16:38:17,netBench,MutateBiasesAndWeights,2x5x5x5x3,1.09968e-05,1.67391e-11,4.09135e-06,37.2049
2020-06-28 16:38:17,netBench,AddRandomLayer,2x5x5x5x3,7.84341e-06,1.2861e-11,3.58622e-06,45.7228
2020-06-28 16:38:17,netBench,AddRandomNeuron,2x5x5x5x3,5.39866e-06,1.27133e-11,3.56558e-06,66.0456
2020-06-28 16:38:17,netBench,ComputeNeuralNetwork,2x5x5x5x3,3.41926e-06,4.10863e-12,2.02697e-06,59.2812
2020-06-28 16:38:17,evoBench,SortGenerationByScores,100,4.49462e-05,3.93228e-10,1.983e-05,44.1194
2020-06-28 16:38:17,evoBench,SortGenerationByScores,50,1.73718e-05,2.40511e-11,4.90419e-06,28.2308
2020-06-28 16:38:17,evoBench,SortGenerationByScores,10,2.83467e-06,1.59006e-11,3.98755e-06,140.671
2020-06-28 16:38:17,evoBench,KeepOnlyFirstAgents,nontrivial,7.83963e-07,6.00739e-13,7.75074e-07,98.8661
2020-06-28 16:38:17,evoBench,KeepOnlyFirstAgents,trivial,8.0281e-08,4.5591e-16,2.1352e-08,26.5966
2020-06-28 16:38:17,evoBench,evo::GetNumChildren,basic,7.3981e-08,2.1975e-15,4.68775e-08,63.3643
2020-06-30 22:25:36,netBench,AddRandomLayer,10x1000x5x3,0.00420625,4.08558e-05,0.00639186,151.961
2020-06-30 22:25:36,netBench,net::BuildRandomNetwork,2x100x100x100x3,0.0025055,5.64124e-08,0.000237513,9.47965
2020-06-30 22:25:36,netBench,net::BuildRandomNetwork,10x1000x5x3,0.0023626,1.1836e-08,0.000108793,4.60481
2020-06-30 22:25:36,netBench,MutateBiasesAndWeights,2x100x100x100x3,0.00192256,1.25172e-08,0.00011188,5.81933
2020-06-30 22:25:36,netBench,MutateBiasesAndWeights,10x1000x5x3,0.00161471,5.13757e-08,0.000226662,14.0373
2020-06-30 22:25:36,netBench,net::BuildOnesNetwork,10x1000x5x3,0.000520629,1.0828e-08,0.000104057,19.9869
2020-06-30 22:25:36,netBench,net::BuildOnesNetwork,2x100x100x100x3,0.000355844,1.01992e-08,0.000100991,28.3808
2020-06-30 22:25:36,netBench,AddRandomNeuron,10x1000x5x3,0.000334145,1.8678e-08,0.000136667,40.9006
2020-06-30 22:25:36,netBench,AddRandomLayer,2x100x100x100x3,0.000244624,2.29987e-08,0.000151653,61.9945
2020-06-30 22:25:36,netBench,ComputeNeuralNetwork,10x1000x5x3,0.00022288,3.43958e-09,5.86479e-05,26.3137
2020-06-30 22:25:36,netBench,ComputeNeuralNetwork,2x100x100x100x3,0.000192796,9.83657e-10,3.13633e-05,16.2676
2020-06-30 22:25:36,netBench,AddRandomNeuron,2x100x100x100x3,0.000111843,4.01496e-09,6.33637e-05,56.6543
2020-06-30 22:25:36,netBench,net::BuildRandomNetwork,2x5x5x5x3,2.31989e-05,4.50849e-11,6.71453e-06,28.9433
2020-06-30 22:25:36,netBench,net::BuildOnesNetwork,2x5x5x5x3,1.67493e-05,2.69321e-09,5.18962e-05,309.841
2020-06-30 22:25:36,netBench,MutateBiasesAndWeights,2x5x5x5x3,1.19119e-05,7.07567e-10,2.66001e-05,223.308
2020-06-30 22:25:36,netBench,AddRandomLayer,2x5x5x5x3,6.80315e-06,1.50351e-11,3.87751e-06,56.9959
2020-06-30 22:25:36,netBench,AddRandomNeuron,2x5x5x5x3,4.97169e-06,1.36032e-11,3.68825e-06,74.185
2020-06-30 22:25:36,netBench,ComputeNeuralNetwork,2x5x5x5x3,3.36365e-06,3.004e-12,1.7332e-06,51.5275
2020-06-30 22:25:36,evoBench,SortGenerationByScores,100,4.19035e-05,5.15765e-10,2.27105e-05,54.1971
2020-06-30 22:25:36,evoBench,SortGenerationByScores,50,1.89887e-05,1.97445e-11,4.44348e-06,23.4006
2020-06-30 22:25:36,evoBench,SortGenerationByScores,10,2.62963e-06,2.70797e-12,1.64559e-06,62.5788
2020-06-30 22:25:36,evoBench,KeepOnlyFirstAgents,nontrivial,1.01404e-06,1.17974e-12,1.08616e-06,107.112
2020-06-30 22:25:36,evoBench,KeepOnlyFirstAgents,trivial,9.7693e-08,8.50221e-16,2.91585e-08,29.8471
2020-06-30 22:25:36,evoBench,evo::GetNumChildren,basic,8.2215e-08,3.97415e-15,6.30409e-08,76.6781
2020-06-30 22:25:36,coreBench,DiceConstructor,basic,1.33818e-05,4.64632e-11,6.8164e-06,50.9379
2020-06-30 22:25:36,coreBench,RandIntDistributionConstructor,basic,1.21872e-05,9.05999e-12,3.00998e-06,24.6978
2020-06-30 22:25:36,coreBench,L2_SQUARED,50,4.40179e-07,5.55526e-13,7.45336e-07,169.326
2020-06-30 22:25:36,coreBench,RandRealNormalDistributionGet,basic,3.3961e-07,3.04118e-13,5.51469e-07,162.383
2020-06-30 22:25:36,coreBench,RandIntDistributionGet,basic,1.96501e-07,2.27308e-15,4.76768e-08,24.2629
2020-06-30 22:25:36,coreBench,DiceRoll,basic,1.58137e-07,7.19452e-16,2.68226e-08,16.9616
2020-06-30 22:25:36,coreBench,L2_SQUARED,5,1.56726e-07,2.72439e-13,5.21957e-07,333.038
2020-06-30 22:25:36,coreBench,RandRealDistributionGet,basic,1.53805e-07,8.23617e-16,2.86987e-08,18.6592
2020-06-30 22:25:36,coreBench,ActivationFunctionReLu,basic,6.6046e-08,1.08694e-16,1.04256e-08,15.7854
